(BF:0.5042773421468771 BF:7.929038970775949) location: [0, 7][D@78c03f1f


(BF:0.1578893319805319 BF:9.584192672205363) location: [0, 9][D@5ec0a365


(BF:3.2156010402089708 BF:3.266654304677835) location: [3, 3][D@4fe3c938


(BF:3.6821858140167327 BF:7.740247390360056) location: [3, 7][D@5383967b


(BF:3.702787170615988 BF:8.77563102282457) location: [3, 8][D@2ac273d3


(BF:6.1277441630147225 BF:7.588974627746886) location: [6, 7][D@71423665


(BF:8.38473794948903 BF:2.1045039715954483) location: [8, 2][D@20398b7c


(BF:8.823729682265878 BF:3.138884239283156) location: [8, 3][D@6fc6f14e


(BF:8.098072179628836 BF:4.054420483583173) location: [8, 4][D@56235b8e


(BF:8.687721954752423 BF:8.52457466610577) location: [8, 8][D@3632be31


(BF:0.5042773421468771 BF:7.929038970775949) location: [0, 7][D@64729b1e


(BF:0.1578893319805319 BF:9.584192672205363) location: [0, 9][D@10bbd20a


(BF:3.2156010402089708 BF:3.266654304677835) location: [3, 3][D@48503868


(BF:3.6821858140167327 BF:7.740247390360056) location: [3, 7][D@6895a785


(BF:3.702787170615988 BF:8.77563102282457) location: [3, 8][D@184f6be2


(BF:6.1277441630147225 BF:7.588974627746886) location: [6, 7][D@56aac163


(BF:8.38473794948903 BF:2.1045039715954483) location: [8, 2][D@1f7030a6


(BF:8.823729682265878 BF:3.138884239283156) location: [8, 3][D@5a1c0542


(BF:8.098072179628836 BF:4.054420483583173) location: [8, 4][D@396f6598


(BF:8.687721954752423 BF:8.52457466610577) location: [8, 8][D@394e1a0f


(BF:0.5042773421468771 BF:7.929038970775949) location: [0, 7][D@15d0c81b


(BF:0.1578893319805319 BF:9.584192672205363) location: [0, 9][D@6acdbdf5


(BF:3.2156010402089708 BF:3.266654304677835) location: [3, 3][D@4b1c1ea0


(BF:3.6821858140167327 BF:7.740247390360056) location: [3, 7][D@17579e0f


(BF:3.702787170615988 BF:8.77563102282457) location: [3, 8][D@4d41cee


(BF:6.1277441630147225 BF:7.588974627746886) location: [6, 7][D@3712b94


(BF:8.38473794948903 BF:2.1045039715954483) location: [8, 2][D@2833cc44


(BF:8.823729682265878 BF:3.138884239283156) location: [8, 3][D@33f88ab


(BF:8.098072179628836 BF:4.054420483583173) location: [8, 4][D@27a8c74e


(BF:8.687721954752423 BF:8.52457466610577) location: [8, 8][D@2d8f65a4


(BF:0.5042773421468771 BF:7.929038970775949) location: [0, 7][D@57e1b0c


(BF:0.1578893319805319 BF:9.584192672205363) location: [0, 9][D@4232c52b


(BF:3.2156010402089708 BF:3.266654304677835) location: [3, 3][D@1877ab81


(BF:3.6821858140167327 BF:7.740247390360056) location: [3, 7][D@305fd85d


(BF:3.702787170615988 BF:8.77563102282457) location: [3, 8][D@458c1321


(BF:5.1686645464227094 BF:7.740247390360056) location: [5, 7][D@11438d26


(BF:6.1277441630147225 BF:7.588974627746886) location: [6, 7][D@34cd072c


(BF:8.38473794948903 BF:2.1045039715954483) location: [8, 2][D@7a1ebcd8


(BF:8.823729682265878 BF:3.138884239283156) location: [8, 3][D@5faeada1


(BF:8.098072179628836 BF:4.054420483583173) location: [8, 4][D@528931cf


(BF:8.687721954752423 BF:8.52457466610577) location: [8, 8][D@ea1a8d5


(BF:0.5042773421468771 BF:7.929038970775949) location: [0, 7][D@bd8db5a


(BF:0.1578893319805319 BF:9.584192672205363) location: [0, 9][D@2f943d71


(BF:3.2156010402089708 BF:3.266654304677835) location: [3, 3][D@80503


(BF:3.6821858140167327 BF:7.740247390360056) location: [3, 7][D@4b553d26


(BF:3.702787170615988 BF:8.77563102282457) location: [3, 8][D@69a3d1d


(BF:5.1686645464227094 BF:7.740247390360056) location: [5, 7][D@86be70a


(BF:6.1277441630147225 BF:7.588974627746886) location: [6, 7][D@480bdb19


(BF:8.38473794948903 BF:2.1045039715954483) location: [8, 2][D@2a556333


(BF:8.823729682265878 BF:3.138884239283156) location: [8, 3][D@7d70d1b1


(BF:8.098072179628836 BF:4.054420483583173) location: [8, 4][D@2a742aa2


(BF:8.687721954752423 BF:8.52457466610577) location: [8, 8][D@3cb1ffe6


(BF:0.5042773421468771 BF:7.929038970775949) location: [0, 7][D@631330c


(BF:0.1578893319805319 BF:9.584192672205363) location: [0, 9][D@42f93a98


(BF:3.2156010402089708 BF:3.266654304677835) location: [3, 3][D@c46bcd4


(BF:3.6821858140167327 BF:7.740247390360056) location: [3, 7][D@3234e239


(BF:3.702787170615988 BF:8.77563102282457) location: [3, 8][D@3d921e20


(BF:5.1686645464227094 BF:7.740247390360056) location: [5, 7][D@36b4cef0


(BF:6.1277441630147225 BF:7.588974627746886) location: [6, 7][D@fad74ee


(BF:8.38473794948903 BF:2.1045039715954483) location: [8, 2][D@1a1d6a08


(BF:8.823729682265878 BF:3.138884239283156) location: [8, 3][D@37d31475


(BF:8.098072179628836 BF:4.054420483583173) location: [8, 4][D@27808f31


(BF:8.687721954752423 BF:8.52457466610577) location: [8, 8][D@436e852b


(BF:0.5042773421468771 BF:7.929038970775949) location: [0, 7][D@687080dc


(BF:0.1578893319805319 BF:9.584192672205363) location: [0, 9][D@23d2a7e8


(BF:3.2156010402089708 BF:3.266654304677835) location: [3, 3][D@7a9273a8


(BF:3.6821858140167327 BF:7.740247390360056) location: [3, 7][D@26a7b76d


(BF:3.702787170615988 BF:8.77563102282457) location: [3, 8][D@4abdb505


(BF:5.1686645464227094 BF:7.740247390360056) location: [5, 7][D@7ce6a65d


(BF:6.1277441630147225 BF:7.588974627746886) location: [6, 7][D@1500955a


(BF:8.38473794948903 BF:2.1045039715954483) location: [8, 2][D@e874448


(BF:8.823729682265878 BF:3.138884239283156) location: [8, 3][D@29b5cd00


(BF:8.098072179628836 BF:4.054420483583173) location: [8, 4][D@60285225


(BF:8.687721954752423 BF:8.52457466610577) location: [8, 8][D@7113b13f


(BF:0.5042773421468771 BF:7.929038970775949) location: [0, 7][D@670b40af


(BF:0.1578893319805319 BF:9.584192672205363) location: [0, 9][D@4923ab24


(BF:3.2156010402089708 BF:3.266654304677835) location: [3, 3][D@44c8afef


(BF:3.6821858140167327 BF:7.740247390360056) location: [3, 7][D@7b69c6ba


(BF:3.702787170615988 BF:8.77563102282457) location: [3, 8][D@46daef40


(BF:5.1686645464227094 BF:7.740247390360056) location: [5, 7][D@12f41634


(BF:6.1277441630147225 BF:7.588974627746886) location: [6, 7][D@13c27452


(BF:8.38473794948903 BF:2.1045039715954483) location: [8, 2][D@262b2c86


(BF:8.823729682265878 BF:3.138884239283156) location: [8, 3][D@371a67ec


(BF:8.098072179628836 BF:4.054420483583173) location: [8, 4][D@5ed828d


(BF:8.687721954752423 BF:8.52457466610577) location: [8, 8][D@50d0686


(BF:0.5042773421468771 BF:7.929038970775949) location: [0, 7][D@6121c9d6


(BF:0.1578893319805319 BF:9.584192672205363) location: [0, 9][D@87f383f


(BF:3.2156010402089708 BF:3.266654304677835) location: [3, 3][D@4eb7f003


(BF:3.6821858140167327 BF:7.740247390360056) location: [3, 7][D@eafc191


(BF:3.702787170615988 BF:8.77563102282457) location: [3, 8][D@612fc6eb


(BF:5.1686645464227094 BF:7.740247390360056) location: [5, 7][D@1060b431


(BF:6.1277441630147225 BF:7.588974627746886) location: [6, 7][D@612679d6


(BF:8.38473794948903 BF:2.1045039715954483) location: [8, 2][D@11758f2a


(BF:8.823729682265878 BF:3.138884239283156) location: [8, 3][D@e720b71


(BF:8.098072179628836 BF:4.054420483583173) location: [8, 4][D@1b26f7b2


(BF:8.687721954752423 BF:8.52457466610577) location: [8, 8][D@491cc5c9


(BF:0.5042773421468771 BF:7.929038970775949) location: [0, 7][D@6950e31


(BF:0.1578893319805319 BF:9.584192672205363) location: [0, 9][D@b7dd107


(BF:3.2156010402089708 BF:3.266654304677835) location: [3, 3][D@42eca56e


(BF:3.6821858140167327 BF:7.740247390360056) location: [3, 7][D@52f759d7


(BF:3.702787170615988 BF:8.77563102282457) location: [3, 8][D@7cbd213e


(BF:5.1686645464227094 BF:7.740247390360056) location: [5, 7][D@192d3247


(BF:6.1277441630147225 BF:7.588974627746886) location: [6, 7][D@3ecd23d9


(BF:8.38473794948903 BF:2.1045039715954483) location: [8, 2][D@569cfc36


(BF:8.823729682265878 BF:3.138884239283156) location: [8, 3][D@43bd930a


(BF:8.098072179628836 BF:4.054420483583173) location: [8, 4][D@33723e30


(BF:8.687721954752423 BF:8.52457466610577) location: [8, 8][D@64f6106c


(BF:0.5042773421468771 BF:7.929038970775949) location: [0, 7][D@543c6f6d


(BF:0.1578893319805319 BF:9.584192672205363) location: [0, 9][D@13eb8acf


(BF:3.2156010402089708 BF:3.266654304677835) location: [3, 3][D@51c8530f


(BF:3.6821858140167327 BF:7.740247390360056) location: [3, 7][D@7403c468


(BF:3.702787170615988 BF:8.77563102282457) location: [3, 8][D@43738a82


(BF:5.1686645464227094 BF:7.740247390360056) location: [5, 7][D@c81cdd1


(BF:6.1277441630147225 BF:7.588974627746886) location: [6, 7][D@1fc2b765


(BF:8.38473794948903 BF:2.1045039715954483) location: [8, 2][D@75881071


(BF:8.823729682265878 BF:3.138884239283156) location: [8, 3][D@2a70a3d8


(BF:8.098072179628836 BF:4.054420483583173) location: [8, 4][D@289d1c02


(BF:8.687721954752423 BF:8.52457466610577) location: [8, 8][D@22eeefeb


(BF:0.5042773421468771 BF:7.929038970775949) location: [0, 7][D@42607a4f


(BF:0.1578893319805319 BF:9.584192672205363) location: [0, 9][D@782663d3


(BF:3.2156010402089708 BF:3.266654304677835) location: [3, 3][D@1990a65e


(BF:3.6821858140167327 BF:7.740247390360056) location: [3, 7][D@64485a47


(BF:3.702787170615988 BF:8.77563102282457) location: [3, 8][D@25bbf683


(BF:5.1686645464227094 BF:7.740247390360056) location: [5, 7][D@6ec8211c


(BF:6.1277441630147225 BF:7.588974627746886) location: [6, 7][D@7276c8cd


(BF:8.38473794948903 BF:2.1045039715954483) location: [8, 2][D@544a2ea6


(BF:8.823729682265878 BF:3.138884239283156) location: [8, 3][D@2e3fc542


(BF:8.098072179628836 BF:4.054420483583173) location: [8, 4][D@150c158


(BF:8.687721954752423 BF:8.52457466610577) location: [8, 8][D@4524411f


(BF:0.5042773421468771 BF:7.929038970775949) location: [0, 7][D@67b467e9


(BF:0.1578893319805319 BF:9.584192672205363) location: [0, 9][D@47db50c5


(BF:3.2156010402089708 BF:3.266654304677835) location: [3, 3][D@5c072e3f


(BF:3.6821858140167327 BF:7.740247390360056) location: [3, 7][D@4d1b0d2a


(BF:3.702787170615988 BF:8.77563102282457) location: [3, 8][D@954b04f


(BF:5.1686645464227094 BF:7.740247390360056) location: [5, 7][D@149494d8


(BF:6.1277441630147225 BF:7.588974627746886) location: [6, 7][D@710726a3


(BF:8.38473794948903 BF:2.1045039715954483) location: [8, 2][D@646007f4


(BF:8.823729682265878 BF:3.138884239283156) location: [8, 3][D@481a15ff


(BF:8.098072179628836 BF:4.054420483583173) location: [8, 4][D@78186a70


(BF:8.687721954752423 BF:8.52457466610577) location: [8, 8][D@306279ee


(BF:0.5042773421468771 BF:7.929038970775949) location: [0, 7][D@2f0a87b3


(BF:0.1578893319805319 BF:9.584192672205363) location: [0, 9][D@319b92f3


(BF:3.2156010402089708 BF:3.266654304677835) location: [3, 3][D@fcd6521


(BF:3.6821858140167327 BF:7.740247390360056) location: [3, 7][D@27d415d9


(BF:3.702787170615988 BF:8.77563102282457) location: [3, 8][D@5c18298f


(BF:5.1686645464227094 BF:7.740247390360056) location: [5, 7][D@31f924f5


(BF:6.1277441630147225 BF:7.588974627746886) location: [6, 7][D@5579bb86


(BF:8.38473794948903 BF:2.1045039715954483) location: [8, 2][D@5204062d


(BF:8.823729682265878 BF:3.138884239283156) location: [8, 3][D@4fcd19b3


(BF:8.098072179628836 BF:4.054420483583173) location: [8, 4][D@376b4233


(BF:8.687721954752423 BF:8.52457466610577) location: [8, 8][D@2fd66ad3


(BF:0.5042773421468771 BF:7.929038970775949) location: [0, 7][D@3b94d659


(BF:0.1578893319805319 BF:9.584192672205363) location: [0, 9][D@24b1d79b


(BF:3.2156010402089708 BF:3.266654304677835) location: [3, 3][D@68ceda24


(BF:3.6821858140167327 BF:7.740247390360056) location: [3, 7][D@281e3708


(BF:3.702787170615988 BF:8.77563102282457) location: [3, 8][D@35a50a4c


(BF:5.1686645464227094 BF:7.740247390360056) location: [5, 7][D@1f021e6c


(BF:6.1277441630147225 BF:7.588974627746886) location: [6, 7][D@103f852


(BF:8.38473794948903 BF:2.1045039715954483) location: [8, 2][D@587c290d


(BF:8.098072179628836 BF:3.1514019734360783) location: [8, 3][D@4516af24


(BF:8.098072179628836 BF:4.054420483583173) location: [8, 4][D@4ae82894


(BF:8.687721954752423 BF:8.52457466610577) location: [8, 8][D@543788f3


(BF:0.5042773421468771 BF:7.929038970775949) location: [0, 7][D@134593bf


(BF:0.1578893319805319 BF:9.584192672205363) location: [0, 9][D@4bb4de6a


(BF:3.2156010402089708 BF:3.266654304677835) location: [3, 3][D@7ba18f1b


(BF:3.6821858140167327 BF:7.740247390360056) location: [3, 7][D@2f8f5f62


(BF:3.702787170615988 BF:8.77563102282457) location: [3, 8][D@1068e947


(BF:5.1686645464227094 BF:7.740247390360056) location: [5, 7][D@7dc222ae


(BF:6.1277441630147225 BF:7.588974627746886) location: [6, 7][D@aecb35a


(BF:8.38473794948903 BF:2.1045039715954483) location: [8, 2][D@5fcd892a


(BF:8.098072179628836 BF:3.1514019734360783) location: [8, 3][D@8b87145


(BF:8.098072179628836 BF:4.054420483583173) location: [8, 4][D@6483f5ae


(BF:8.687721954752423 BF:8.52457466610577) location: [8, 8][D@b9afc07


(BF:0.5042773421468771 BF:7.929038970775949) location: [0, 7][D@43d7741f


(BF:0.1578893319805319 BF:9.584192672205363) location: [0, 9][D@17baae6e


(BF:3.2156010402089708 BF:3.266654304677835) location: [3, 3][D@69379752


(BF:3.6821858140167327 BF:7.740247390360056) location: [3, 7][D@27fe3806


(BF:3.702787170615988 BF:8.77563102282457) location: [3, 8][D@5f71c76a


(BF:5.1686645464227094 BF:7.740247390360056) location: [5, 7][D@1d7acb34


(BF:6.1277441630147225 BF:7.588974627746886) location: [6, 7][D@48a242ce


(BF:8.38473794948903 BF:2.1045039715954483) location: [8, 2][D@1e4a7dd4


(BF:8.098072179628836 BF:3.1514019734360783) location: [8, 3][D@4f51b3e0


(BF:8.098072179628836 BF:4.054420483583173) location: [8, 4][D@4b9e255


(BF:8.687721954752423 BF:8.52457466610577) location: [8, 8][D@5e57643e


(BF:0.5042773421468771 BF:7.929038970775949) location: [0, 7][D@dbd940d


(BF:0.1578893319805319 BF:9.584192672205363) location: [0, 9][D@71d15f18


(BF:3.2156010402089708 BF:3.266654304677835) location: [3, 3][D@17695df3


(BF:3.6821858140167327 BF:7.740247390360056) location: [3, 7][D@6c9f5c0d


(BF:3.702787170615988 BF:8.77563102282457) location: [3, 8][D@de3a06f


(BF:5.1686645464227094 BF:7.740247390360056) location: [5, 7][D@76b10754


(BF:6.1277441630147225 BF:7.588974627746886) location: [6, 7][D@2bea5ab4


(BF:8.38473794948903 BF:2.1045039715954483) location: [8, 2][D@3d8314f0


(BF:8.098072179628836 BF:3.1514019734360783) location: [8, 3][D@2df32bf7


(BF:8.098072179628836 BF:4.054420483583173) location: [8, 4][D@530612ba


(BF:8.687721954752423 BF:8.52457466610577) location: [8, 8][D@2a40cd94


(BF:0.5042773421468771 BF:7.929038970775949) location: [0, 7][D@276438c9


(BF:0.1578893319805319 BF:9.584192672205363) location: [0, 9][D@588df31b


(BF:3.2156010402089708 BF:3.266654304677835) location: [3, 3][D@33b37288


(BF:3.6821858140167327 BF:7.740247390360056) location: [3, 7][D@77a57272


(BF:3.702787170615988 BF:8.77563102282457) location: [3, 8][D@7181ae3f


(BF:5.1686645464227094 BF:7.740247390360056) location: [5, 7][D@46238e3f


(BF:6.1277441630147225 BF:7.588974627746886) location: [6, 7][D@6e2c9341


(BF:8.38473794948903 BF:2.1045039715954483) location: [8, 2][D@32464a14


(BF:8.098072179628836 BF:3.1514019734360783) location: [8, 3][D@4e4aea35


(BF:8.098072179628836 BF:4.054420483583173) location: [8, 4][D@1442d7b5


(BF:8.687721954752423 BF:8.52457466610577) location: [8, 8][D@1efee8e7


(BF:0.5042773421468771 BF:7.929038970775949) location: [0, 7][D@290dbf45


(BF:0.1578893319805319 BF:9.584192672205363) location: [0, 9][D@12028586


(BF:3.2156010402089708 BF:3.266654304677835) location: [3, 3][D@17776a8


(BF:3.6821858140167327 BF:7.740247390360056) location: [3, 7][D@69a10787


(BF:3.702787170615988 BF:8.77563102282457) location: [3, 8][D@2d127a61


(BF:5.1686645464227094 BF:7.740247390360056) location: [5, 7][D@2bbaf4f0


(BF:6.1277441630147225 BF:7.588974627746886) location: [6, 7][D@11c20519


(BF:8.38473794948903 BF:2.1045039715954483) location: [8, 2][D@70beb599


(BF:8.098072179628836 BF:3.1514019734360783) location: [8, 3][D@4e41089d


(BF:8.098072179628836 BF:4.054420483583173) location: [8, 4][D@32a068d1


(BF:8.687721954752423 BF:8.52457466610577) location: [8, 8][D@33cb5951


(BF:0.5042773421468771 BF:7.929038970775949) location: [0, 7][D@11e21d0e


(BF:0.1578893319805319 BF:9.584192672205363) location: [0, 9][D@1dd02175


(BF:3.2156010402089708 BF:3.266654304677835) location: [3, 3][D@31206beb


(BF:3.6821858140167327 BF:7.740247390360056) location: [3, 7][D@3e77a1ed


(BF:3.702787170615988 BF:8.77563102282457) location: [3, 8][D@3ffcd140


(BF:5.1686645464227094 BF:7.740247390360056) location: [5, 7][D@23bb8443


(BF:6.1277441630147225 BF:7.588974627746886) location: [6, 7][D@1176dcec


(BF:8.38473794948903 BF:2.1045039715954483) location: [8, 2][D@120d6fe6


(BF:8.098072179628836 BF:3.1514019734360783) location: [8, 3][D@4ba2ca36


(BF:8.098072179628836 BF:4.054420483583173) location: [8, 4][D@3444d69d


(BF:8.687721954752423 BF:8.52457466610577) location: [8, 8][D@1372ed45


(BF:0.5042773421468771 BF:7.929038970775949) location: [0, 7][D@10b48321


(BF:0.1578893319805319 BF:9.584192672205363) location: [0, 9][D@6b67034


(BF:3.2156010402089708 BF:3.266654304677835) location: [3, 3][D@16267862


(BF:3.6821858140167327 BF:7.740247390360056) location: [3, 7][D@453da22c


(BF:3.702787170615988 BF:8.77563102282457) location: [3, 8][D@71248c21


(BF:5.1686645464227094 BF:7.740247390360056) location: [5, 7][D@442675e1


(BF:6.1277441630147225 BF:7.588974627746886) location: [6, 7][D@6166e06f


(BF:8.38473794948903 BF:2.1045039715954483) location: [8, 2][D@49e202ad


(BF:8.098072179628836 BF:3.1514019734360783) location: [8, 3][D@1c72da34


(BF:8.098072179628836 BF:4.054420483583173) location: [8, 4][D@6b0c2d26


(BF:8.687721954752423 BF:8.52457466610577) location: [8, 8][D@3d3fcdb0


(BF:0.5042773421468771 BF:7.929038970775949) location: [0, 7][D@15d9bc04


(BF:0.1578893319805319 BF:9.584192672205363) location: [0, 9][D@473b46c3


(BF:3.2156010402089708 BF:3.266654304677835) location: [3, 3][D@516be40f


(BF:3.6821858140167327 BF:7.740247390360056) location: [3, 7][D@3c0a50da


(BF:3.702787170615988 BF:8.77563102282457) location: [3, 8][D@646be2c3


(BF:5.1686645464227094 BF:7.740247390360056) location: [5, 7][D@797badd3


(BF:6.1277441630147225 BF:7.588974627746886) location: [6, 7][D@77be656f


(BF:8.38473794948903 BF:2.1045039715954483) location: [8, 2][D@19dc67c2


(BF:8.098072179628836 BF:3.1514019734360783) location: [8, 3][D@221af3c0


(BF:8.098072179628836 BF:4.054420483583173) location: [8, 4][D@62bd765


(BF:8.687721954752423 BF:8.52457466610577) location: [8, 8][D@23a5fd2


(BF:0.1578893319805319 BF:3.1514019734360783) location: [0, 3][D@3d36e4cd


(BF:0.5042773421468771 BF:7.929038970775949) location: [0, 7][D@6a472554


(BF:0.1578893319805319 BF:9.584192672205363) location: [0, 9][D@7ff2a664


(BF:3.2156010402089708 BF:3.266654304677835) location: [3, 3][D@525b461a


(BF:3.6821858140167327 BF:7.740247390360056) location: [3, 7][D@58c1c010


(BF:3.702787170615988 BF:8.77563102282457) location: [3, 8][D@b7f23d9


(BF:5.1686645464227094 BF:7.740247390360056) location: [5, 7][D@61d47554


(BF:6.1277441630147225 BF:7.588974627746886) location: [6, 7][D@69b794e2


(BF:8.38473794948903 BF:2.1045039715954483) location: [8, 2][D@3f200884


(BF:8.098072179628836 BF:3.1514019734360783) location: [8, 3][D@4d339552


(BF:8.098072179628836 BF:4.054420483583173) location: [8, 4][D@f0f2775


(BF:8.687721954752423 BF:8.52457466610577) location: [8, 8][D@5a4aa2f2


(BF:8.098072179628836 BF:9.584192672205363) location: [8, 9][D@6591f517


(BF:0.1578893319805319 BF:3.1514019734360783) location: [0, 3][D@255b53dc


(BF:0.5042773421468771 BF:7.929038970775949) location: [0, 7][D@1dd92fe2


(BF:0.1578893319805319 BF:9.584192672205363) location: [0, 9][D@6b53e23f


(BF:3.2156010402089708 BF:3.266654304677835) location: [3, 3][D@64d2d351


(BF:3.6821858140167327 BF:7.740247390360056) location: [3, 7][D@1b68b9a4


(BF:3.702787170615988 BF:8.77563102282457) location: [3, 8][D@4f9a3314


(BF:5.1686645464227094 BF:7.740247390360056) location: [5, 7][D@3b2c72c2


(BF:6.1277441630147225 BF:7.588974627746886) location: [6, 7][D@491666ad


(BF:8.38473794948903 BF:2.1045039715954483) location: [8, 2][D@176d53b2


(BF:8.098072179628836 BF:3.1514019734360783) location: [8, 3][D@971d0d8


(BF:8.098072179628836 BF:4.054420483583173) location: [8, 4][D@51931956


(BF:8.687721954752423 BF:8.52457466610577) location: [8, 8][D@2b4a2ec7


(BF:8.098072179628836 BF:9.584192672205363) location: [8, 9][D@564718df


(BF:0.1578893319805319 BF:3.1514019734360783) location: [0, 3][D@61009542


(BF:0.5042773421468771 BF:7.929038970775949) location: [0, 7][D@77e9807f


(BF:0.1578893319805319 BF:9.584192672205363) location: [0, 9][D@448ff1a8


(BF:3.2156010402089708 BF:3.266654304677835) location: [3, 3][D@1a38c59b


(BF:3.6821858140167327 BF:7.740247390360056) location: [3, 7][D@7f77e91b


(BF:3.702787170615988 BF:8.77563102282457) location: [3, 8][D@44a664f2


(BF:5.1686645464227094 BF:7.740247390360056) location: [5, 7][D@7f9fcf7f


(BF:6.1277441630147225 BF:7.588974627746886) location: [6, 7][D@2357d90a


(BF:8.38473794948903 BF:2.1045039715954483) location: [8, 2][D@6328d34a


(BF:8.098072179628836 BF:3.1514019734360783) location: [8, 3][D@145eaa29


(BF:8.098072179628836 BF:4.054420483583173) location: [8, 4][D@15bb6bea


(BF:8.687721954752423 BF:8.52457466610577) location: [8, 8][D@8b96fde


(BF:8.098072179628836 BF:9.584192672205363) location: [8, 9][D@2d2e5f00


(BF:0.1578893319805319 BF:3.1514019734360783) location: [0, 3][D@525f1e4e


(BF:0.5042773421468771 BF:7.929038970775949) location: [0, 7][D@75f9eccc


(BF:0.1578893319805319 BF:9.584192672205363) location: [0, 9][D@52aa2946


(BF:3.2156010402089708 BF:3.266654304677835) location: [3, 3][D@4de5031f


(BF:3.6821858140167327 BF:7.740247390360056) location: [3, 7][D@67e2d983


(BF:3.702787170615988 BF:8.77563102282457) location: [3, 8][D@5d47c63f


(BF:5.1686645464227094 BF:7.740247390360056) location: [5, 7][D@5ea434c8


(BF:6.1277441630147225 BF:7.588974627746886) location: [6, 7][D@3bbc39f8


(BF:8.38473794948903 BF:2.1045039715954483) location: [8, 2][D@4ae3c1cd


(BF:8.098072179628836 BF:3.1514019734360783) location: [8, 3][D@29f69090


(BF:8.098072179628836 BF:4.054420483583173) location: [8, 4][D@568bf312


(BF:8.687721954752423 BF:8.52457466610577) location: [8, 8][D@ca263c2


(BF:8.098072179628836 BF:9.584192672205363) location: [8, 9][D@589b3632


(BF:0.1578893319805319 BF:3.1514019734360783) location: [0, 3][D@3ec300f1


(BF:0.5042773421468771 BF:7.929038970775949) location: [0, 7][D@482cd91f


(BF:0.1578893319805319 BF:9.584192672205363) location: [0, 9][D@123f1134


(BF:3.2156010402089708 BF:3.266654304677835) location: [3, 3][D@7d68ef40


(BF:3.6821858140167327 BF:7.740247390360056) location: [3, 7][D@5b0abc94


(BF:3.702787170615988 BF:8.77563102282457) location: [3, 8][D@75c072cb


(BF:5.1686645464227094 BF:7.740247390360056) location: [5, 7][D@1f1c7bf6


(BF:6.1277441630147225 BF:7.588974627746886) location: [6, 7][D@25b485ba


(BF:8.38473794948903 BF:2.1045039715954483) location: [8, 2][D@2b546384


(BF:8.098072179628836 BF:3.1514019734360783) location: [8, 3][D@5d740a0f


(BF:8.098072179628836 BF:4.054420483583173) location: [8, 4][D@214b199c


(BF:8.687721954752423 BF:8.52457466610577) location: [8, 8][D@20d3d15a


(BF:8.098072179628836 BF:9.584192672205363) location: [8, 9][D@2893de87


(BF:0.1578893319805319 BF:3.1514019734360783) location: [0, 3][D@5af97850


(BF:0.5042773421468771 BF:7.929038970775949) location: [0, 7][D@5ef60048


(BF:0.1578893319805319 BF:9.584192672205363) location: [0, 9][D@1d548a08


(BF:3.2156010402089708 BF:3.266654304677835) location: [3, 3][D@16aa0a0a


(BF:3.6821858140167327 BF:7.740247390360056) location: [3, 7][D@780cb77


(BF:3.702787170615988 BF:8.77563102282457) location: [3, 8][D@691a7f8f


(BF:5.1686645464227094 BF:7.740247390360056) location: [5, 7][D@50a7bc6e


(BF:6.1277441630147225 BF:7.588974627746886) location: [6, 7][D@161b062a


(BF:8.38473794948903 BF:2.1045039715954483) location: [8, 2][D@17c1bced


(BF:8.098072179628836 BF:3.1514019734360783) location: [8, 3][D@2d9d4f9d


(BF:8.098072179628836 BF:4.054420483583173) location: [8, 4][D@4034c28c


(BF:8.687721954752423 BF:8.52457466610577) location: [8, 8][D@e50a6f6


(BF:8.098072179628836 BF:9.584192672205363) location: [8, 9][D@14ec4505


(BF:0.1578893319805319 BF:3.1514019734360783) location: [0, 3][D@55a561cf


(BF:0.5042773421468771 BF:7.929038970775949) location: [0, 7][D@3b938003


(BF:0.1578893319805319 BF:9.584192672205363) location: [0, 9][D@6f3b5d16


(BF:3.2156010402089708 BF:3.266654304677835) location: [3, 3][D@78b1cc93


(BF:3.6821858140167327 BF:7.740247390360056) location: [3, 7][D@6646153


(BF:3.702787170615988 BF:8.77563102282457) location: [3, 8][D@21507a04


(BF:5.1686645464227094 BF:7.740247390360056) location: [5, 7][D@143640d5


(BF:6.1277441630147225 BF:7.588974627746886) location: [6, 7][D@6295d394


(BF:8.38473794948903 BF:2.1045039715954483) location: [8, 2][D@475e586c


(BF:8.098072179628836 BF:3.1514019734360783) location: [8, 3][D@657c8ad9


(BF:8.098072179628836 BF:4.054420483583173) location: [8, 4][D@436a4e4b


(BF:8.687721954752423 BF:8.52457466610577) location: [8, 8][D@f2f2cc1


(BF:8.098072179628836 BF:9.584192672205363) location: [8, 9][D@3a079870


(BF:0.1578893319805319 BF:3.1514019734360783) location: [0, 3][D@7c417213


(BF:0.5042773421468771 BF:7.929038970775949) location: [0, 7][D@15761df8


(BF:0.1578893319805319 BF:9.584192672205363) location: [0, 9][D@6ab7a896


(BF:3.2156010402089708 BF:3.266654304677835) location: [3, 3][D@327b636c


(BF:3.6821858140167327 BF:7.740247390360056) location: [3, 7][D@45dd4eda


(BF:3.702787170615988 BF:8.77563102282457) location: [3, 8][D@60611244


(BF:5.1686645464227094 BF:7.740247390360056) location: [5, 7][D@3745e5c6


(BF:6.1277441630147225 BF:7.588974627746886) location: [6, 7][D@5e4c8041


(BF:8.38473794948903 BF:2.1045039715954483) location: [8, 2][D@71c8becc


(BF:8.098072179628836 BF:3.1514019734360783) location: [8, 3][D@19d37183


(BF:8.098072179628836 BF:4.054420483583173) location: [8, 4][D@1a0dcaa


(BF:8.687721954752423 BF:8.52457466610577) location: [8, 8][D@3bd40a57


(BF:8.098072179628836 BF:9.584192672205363) location: [8, 9][D@fdefd3f


(BF:0.1578893319805319 BF:3.1514019734360783) location: [0, 3][D@2cbb3d47


(BF:0.5042773421468771 BF:7.929038970775949) location: [0, 7][D@527e5409


(BF:0.1578893319805319 BF:9.584192672205363) location: [0, 9][D@1198b989


(BF:3.2156010402089708 BF:3.266654304677835) location: [3, 3][D@7ff95560


(BF:3.6821858140167327 BF:7.740247390360056) location: [3, 7][D@add0edd


(BF:3.702787170615988 BF:8.77563102282457) location: [3, 8][D@2aa3cd93


(BF:5.1686645464227094 BF:7.740247390360056) location: [5, 7][D@7ea37dbf


(BF:6.1277441630147225 BF:7.588974627746886) location: [6, 7][D@4b44655e


(BF:8.38473794948903 BF:2.1045039715954483) location: [8, 2][D@290d210d


(BF:8.098072179628836 BF:3.1514019734360783) location: [8, 3][D@1d76aeea


(BF:8.098072179628836 BF:4.054420483583173) location: [8, 4][D@78dd667e


(BF:8.687721954752423 BF:8.52457466610577) location: [8, 8][D@10db82ae


(BF:8.098072179628836 BF:9.584192672205363) location: [8, 9][D@501edcf1


(BF:0.1578893319805319 BF:3.1514019734360783) location: [0, 3][D@7fc2413d


(BF:0.5042773421468771 BF:7.929038970775949) location: [0, 7][D@f8c1ddd


(BF:0.1578893319805319 BF:9.584192672205363) location: [0, 9][D@70be0a2b


(BF:3.2156010402089708 BF:3.266654304677835) location: [3, 3][D@2133814f


(BF:3.6821858140167327 BF:7.740247390360056) location: [3, 7][D@4c15e7fd


(BF:3.702787170615988 BF:8.77563102282457) location: [3, 8][D@23986957


(BF:5.1686645464227094 BF:7.740247390360056) location: [5, 7][D@23f7d05d


(BF:6.1277441630147225 BF:7.588974627746886) location: [6, 7][D@1e730495


(BF:8.38473794948903 BF:2.1045039715954483) location: [8, 2][D@7d3a22a9


(BF:8.098072179628836 BF:3.1514019734360783) location: [8, 3][D@1d082e88


(BF:8.098072179628836 BF:4.054420483583173) location: [8, 4][D@60704c


(BF:8.687721954752423 BF:8.52457466610577) location: [8, 8][D@6b19b79


(BF:8.098072179628836 BF:9.584192672205363) location: [8, 9][D@2a32de6c


(BF:0.1578893319805319 BF:3.1514019734360783) location: [0, 3][D@37918c79


(BF:0.5042773421468771 BF:7.929038970775949) location: [0, 7][D@78e94dcf


(BF:0.1578893319805319 BF:9.584192672205363) location: [0, 9][D@233fe9b6


(BF:3.2156010402089708 BF:3.266654304677835) location: [3, 3][D@358ee631


(BF:3.6821858140167327 BF:7.740247390360056) location: [3, 7][D@ec756bd


(BF:3.702787170615988 BF:8.77563102282457) location: [3, 8][D@3c72f59f


(BF:5.1686645464227094 BF:7.740247390360056) location: [5, 7][D@60dcc9fe


(BF:6.1277441630147225 BF:7.588974627746886) location: [6, 7][D@222114ba


(BF:8.38473794948903 BF:2.1045039715954483) location: [8, 2][D@16e7dcfd


(BF:8.098072179628836 BF:3.1514019734360783) location: [8, 3][D@3d121db3


(BF:8.098072179628836 BF:4.054420483583173) location: [8, 4][D@3b07a0d6


(BF:8.687721954752423 BF:8.52457466610577) location: [8, 8][D@11a9e7c8


(BF:8.098072179628836 BF:9.584192672205363) location: [8, 9][D@3901d134


(BF:0.1578893319805319 BF:3.1514019734360783) location: [0, 3][D@2f177a4b


(BF:0.5042773421468771 BF:7.929038970775949) location: [0, 7][D@4278a03f


(BF:0.1578893319805319 BF:9.584192672205363) location: [0, 9][D@147ed70f


(BF:3.2156010402089708 BF:3.266654304677835) location: [3, 3][D@61dd025


(BF:3.6821858140167327 BF:7.740247390360056) location: [3, 7][D@124c278f


(BF:3.702787170615988 BF:8.77563102282457) location: [3, 8][D@15b204a1


(BF:5.1686645464227094 BF:7.740247390360056) location: [5, 7][D@77167fb7


(BF:6.1277441630147225 BF:7.588974627746886) location: [6, 7][D@1fe20588


(BF:8.38473794948903 BF:2.1045039715954483) location: [8, 2][D@6ce139a4


(BF:8.098072179628836 BF:3.1514019734360783) location: [8, 3][D@6973bf95


(BF:8.098072179628836 BF:4.054420483583173) location: [8, 4][D@2ddc8ecb


(BF:8.687721954752423 BF:8.52457466610577) location: [8, 8][D@229d10bd


(BF:8.098072179628836 BF:9.584192672205363) location: [8, 9][D@47542153


(BF:0.1578893319805319 BF:3.1514019734360783) location: [0, 3][D@6dbb137d


(BF:0.5042773421468771 BF:7.929038970775949) location: [0, 7][D@3c9d0b9d


(BF:0.1578893319805319 BF:9.584192672205363) location: [0, 9][D@43301423


(BF:3.2156010402089708 BF:3.266654304677835) location: [3, 3][D@2f112965


(BF:3.6821858140167327 BF:7.740247390360056) location: [3, 7][D@1a04f701


(BF:3.702787170615988 BF:8.77563102282457) location: [3, 8][D@4e91d63f


(BF:5.1686645464227094 BF:7.740247390360056) location: [5, 7][D@d4342c2


(BF:6.1277441630147225 BF:7.588974627746886) location: [6, 7][D@2bbf180e


(BF:6.449488485521472 BF:9.584192672205363) location: [6, 9][D@163e4e87


(BF:8.38473794948903 BF:2.1045039715954483) location: [8, 2][D@56de5251


(BF:8.098072179628836 BF:3.1514019734360783) location: [8, 3][D@419c5f1a


(BF:8.098072179628836 BF:4.054420483583173) location: [8, 4][D@12b0404f


(BF:8.687721954752423 BF:8.52457466610577) location: [8, 8][D@769e7ee8


(BF:8.098072179628836 BF:9.584192672205363) location: [8, 9][D@5276e6b0


(BF:0.1578893319805319 BF:3.1514019734360783) location: [0, 3][D@5e316c74


(BF:0.5042773421468771 BF:7.929038970775949) location: [0, 7][D@6d2a209c


(BF:0.1578893319805319 BF:9.584192672205363) location: [0, 9][D@75329a49


(BF:3.2156010402089708 BF:3.266654304677835) location: [3, 3][D@161479c6


(BF:3.6821858140167327 BF:7.740247390360056) location: [3, 7][D@4313f5bc


(BF:3.702787170615988 BF:8.77563102282457) location: [3, 8][D@7f010382


(BF:5.1686645464227094 BF:7.740247390360056) location: [5, 7][D@1e802ef9


(BF:6.1277441630147225 BF:7.588974627746886) location: [6, 7][D@2b6faea6


(BF:6.449488485521472 BF:9.584192672205363) location: [6, 9][D@778d1062


(BF:8.38473794948903 BF:2.1045039715954483) location: [8, 2][D@670002


(BF:8.098072179628836 BF:3.1514019734360783) location: [8, 3][D@1f0f1111


(BF:8.098072179628836 BF:4.054420483583173) location: [8, 4][D@49c386c8


(BF:8.687721954752423 BF:8.52457466610577) location: [8, 8][D@56528192


(BF:8.098072179628836 BF:9.584192672205363) location: [8, 9][D@6e0dec4a


(BF:0.1578893319805319 BF:3.1514019734360783) location: [0, 3][D@5cee5251


(BF:0.5042773421468771 BF:7.929038970775949) location: [0, 7][D@433d61fb


(BF:0.1578893319805319 BF:9.584192672205363) location: [0, 9][D@5c909414


(BF:3.2156010402089708 BF:3.266654304677835) location: [3, 3][D@4b14c583


(BF:3.6821858140167327 BF:7.740247390360056) location: [3, 7][D@65466a6a


(BF:3.702787170615988 BF:8.77563102282457) location: [3, 8][D@4ddced80


(BF:5.1686645464227094 BF:7.740247390360056) location: [5, 7][D@1534f01b


(BF:6.1277441630147225 BF:7.588974627746886) location: [6, 7][D@78e117e3


(BF:6.449488485521472 BF:9.584192672205363) location: [6, 9][D@2ea227af


(BF:8.38473794948903 BF:2.1045039715954483) location: [8, 2][D@4386f16


(BF:8.098072179628836 BF:3.1514019734360783) location: [8, 3][D@363ee3a2


(BF:8.098072179628836 BF:4.054420483583173) location: [8, 4][D@4690b489


(BF:8.687721954752423 BF:8.52457466610577) location: [8, 8][D@79b06cab


(BF:8.098072179628836 BF:9.584192672205363) location: [8, 9][D@3eb7fc54


(BF:0.1578893319805319 BF:3.1514019734360783) location: [0, 3][D@1c93084c


(BF:0.5042773421468771 BF:7.929038970775949) location: [0, 7][D@6ef888f6


(BF:0.1578893319805319 BF:9.584192672205363) location: [0, 9][D@10e92f8f


(BF:3.2156010402089708 BF:3.266654304677835) location: [3, 3][D@7ce3cb8e


(BF:3.6821858140167327 BF:7.740247390360056) location: [3, 7][D@78b66d36


(BF:3.702787170615988 BF:8.77563102282457) location: [3, 8][D@5223e5ee


(BF:5.1686645464227094 BF:7.740247390360056) location: [5, 7][D@bef2d72


(BF:6.1277441630147225 BF:7.588974627746886) location: [6, 7][D@69b2283a


(BF:6.449488485521472 BF:9.584192672205363) location: [6, 9][D@22a637e7


(BF:8.38473794948903 BF:2.1045039715954483) location: [8, 2][D@6fe7aac8


(BF:8.098072179628836 BF:3.1514019734360783) location: [8, 3][D@1d119efb


(BF:8.098072179628836 BF:4.054420483583173) location: [8, 4][D@659a969b


(BF:8.687721954752423 BF:8.52457466610577) location: [8, 8][D@76908cc0


(BF:8.098072179628836 BF:9.584192672205363) location: [8, 9][D@2473d930


(BF:0.1578893319805319 BF:3.1514019734360783) location: [0, 3][D@418e7838


(BF:0.5042773421468771 BF:7.929038970775949) location: [0, 7][D@61230f6a


(BF:0.1578893319805319 BF:9.584192672205363) location: [0, 9][D@3c130745


(BF:3.2156010402089708 BF:3.266654304677835) location: [3, 3][D@cd3fee8


(BF:3.6821858140167327 BF:7.740247390360056) location: [3, 7][D@3e2e18f2


(BF:3.702787170615988 BF:8.77563102282457) location: [3, 8][D@470f1802


(BF:5.1686645464227094 BF:7.740247390360056) location: [5, 7][D@63021689


(BF:6.1277441630147225 BF:7.588974627746886) location: [6, 7][D@703580bf


(BF:6.449488485521472 BF:9.584192672205363) location: [6, 9][D@3e92efc3


(BF:8.38473794948903 BF:2.1045039715954483) location: [8, 2][D@1622f1b


(BF:8.098072179628836 BF:3.1514019734360783) location: [8, 3][D@72a7c7e0


(BF:8.098072179628836 BF:4.054420483583173) location: [8, 4][D@2e4b8173


(BF:8.687721954752423 BF:8.52457466610577) location: [8, 8][D@70e8f8e


(BF:8.098072179628836 BF:9.584192672205363) location: [8, 9][D@17046283


(BF:0.1578893319805319 BF:3.1514019734360783) location: [0, 3][D@13e39c73


(BF:0.5042773421468771 BF:7.929038970775949) location: [0, 7][D@64cd705f


(BF:0.1578893319805319 BF:9.584192672205363) location: [0, 9][D@9225652


(BF:3.2156010402089708 BF:3.266654304677835) location: [3, 3][D@654f0d9c


(BF:3.6821858140167327 BF:7.740247390360056) location: [3, 7][D@6a400542


(BF:3.702787170615988 BF:8.77563102282457) location: [3, 8][D@6580cfdd


(BF:5.1686645464227094 BF:7.740247390360056) location: [5, 7][D@7e0b85f9


(BF:6.1277441630147225 BF:7.588974627746886) location: [6, 7][D@63355449


(BF:6.449488485521472 BF:9.584192672205363) location: [6, 9][D@9353778


(BF:8.38473794948903 BF:2.1045039715954483) location: [8, 2][D@6a28ffa4


(BF:8.098072179628836 BF:3.1514019734360783) location: [8, 3][D@48ae9b55


(BF:8.098072179628836 BF:4.054420483583173) location: [8, 4][D@1700915


(BF:8.687721954752423 BF:8.52457466610577) location: [8, 8][D@21de60b4


(BF:8.098072179628836 BF:9.584192672205363) location: [8, 9][D@c267ef4


(BF:0.1578893319805319 BF:3.1514019734360783) location: [0, 3][D@31368b99


(BF:0.5042773421468771 BF:7.929038970775949) location: [0, 7][D@1725dc0f


(BF:0.1578893319805319 BF:9.584192672205363) location: [0, 9][D@3911c2a7


(BF:3.2156010402089708 BF:3.266654304677835) location: [3, 3][D@4ac3c60d


(BF:3.6821858140167327 BF:7.740247390360056) location: [3, 7][D@4facf68f


(BF:3.702787170615988 BF:8.77563102282457) location: [3, 8][D@76508ed1


(BF:5.1686645464227094 BF:7.740247390360056) location: [5, 7][D@41e36e46


(BF:6.1277441630147225 BF:7.588974627746886) location: [6, 7][D@15c43bd9


(BF:6.449488485521472 BF:9.584192672205363) location: [6, 9][D@3d74bf60


(BF:8.38473794948903 BF:2.1045039715954483) location: [8, 2][D@4f209819


(BF:8.098072179628836 BF:3.1514019734360783) location: [8, 3][D@15eb5ee5


(BF:8.098072179628836 BF:4.054420483583173) location: [8, 4][D@2145b572


(BF:8.687721954752423 BF:8.52457466610577) location: [8, 8][D@39529185


(BF:8.098072179628836 BF:9.584192672205363) location: [8, 9][D@72f926e6


(BF:0.1578893319805319 BF:3.1514019734360783) location: [0, 3][D@130161f7


(BF:0.5042773421468771 BF:7.929038970775949) location: [0, 7][D@2c767a52


(BF:0.1578893319805319 BF:9.584192672205363) location: [0, 9][D@619713e5


(BF:3.2156010402089708 BF:3.266654304677835) location: [3, 3][D@708f5957


(BF:3.6821858140167327 BF:7.740247390360056) location: [3, 7][D@68999068


(BF:3.702787170615988 BF:8.77563102282457) location: [3, 8][D@7722c3c3


(BF:5.1686645464227094 BF:7.740247390360056) location: [5, 7][D@2ef3eef9


(BF:6.1277441630147225 BF:7.588974627746886) location: [6, 7][D@243c4f91


(BF:6.449488485521472 BF:9.584192672205363) location: [6, 9][D@291ae


(BF:8.38473794948903 BF:2.1045039715954483) location: [8, 2][D@61df66b6


(BF:8.098072179628836 BF:3.1514019734360783) location: [8, 3][D@50eac852


(BF:8.098072179628836 BF:4.054420483583173) location: [8, 4][D@16ec5519


(BF:8.687721954752423 BF:8.52457466610577) location: [8, 8][D@2f7298b


(BF:8.098072179628836 BF:9.584192672205363) location: [8, 9][D@188715b5


(BF:0.1578893319805319 BF:3.1514019734360783) location: [0, 3][D@192d43ce


(BF:0.5042773421468771 BF:7.929038970775949) location: [0, 7][D@72057ecf


(BF:0.1578893319805319 BF:9.584192672205363) location: [0, 9][D@1afd44cb


(BF:3.2156010402089708 BF:3.266654304677835) location: [3, 3][D@6973b51b


(BF:3.6821858140167327 BF:7.740247390360056) location: [3, 7][D@1ab3a8c8


(BF:3.702787170615988 BF:8.77563102282457) location: [3, 8][D@43195e57


(BF:5.1686645464227094 BF:7.740247390360056) location: [5, 7][D@333291e3


(BF:6.1277441630147225 BF:7.588974627746886) location: [6, 7][D@479d31f3


(BF:6.449488485521472 BF:9.584192672205363) location: [6, 9][D@40ef3420


(BF:8.38473794948903 BF:2.1045039715954483) location: [8, 2][D@498d318c


(BF:8.098072179628836 BF:3.1514019734360783) location: [8, 3][D@6e171cd7


(BF:8.098072179628836 BF:4.054420483583173) location: [8, 4][D@402bba4f


(BF:8.687721954752423 BF:8.52457466610577) location: [8, 8][D@795cd85e


(BF:8.098072179628836 BF:9.584192672205363) location: [8, 9][D@59fd97a8


(BF:0.1578893319805319 BF:3.1514019734360783) location: [0, 3][D@1a451d4d


(BF:0.5042773421468771 BF:7.929038970775949) location: [0, 7][D@7fa98a66


(BF:0.1578893319805319 BF:9.584192672205363) location: [0, 9][D@15ff3e9e


(BF:3.2156010402089708 BF:3.266654304677835) location: [3, 3][D@5fdcaa40


(BF:3.6821858140167327 BF:7.740247390360056) location: [3, 7][D@6dc17b83


(BF:3.702787170615988 BF:8.77563102282457) location: [3, 8][D@5e0826e7


